 Tlab      phaseshift
          pwa93       esc96       nijm1       nijm2       reid93  

  0.000     0.00000     0.00000     0.00000     0.00000     0.00000
  1.000    62.06863    62.03080    62.11307    62.08663    61.89178
  2.000    64.46476    64.40808    64.53281    64.49054    64.20173
  3.000    64.65578    64.58464    64.74043    64.68648    64.33372
  4.000    64.25038    64.16691    64.34797    64.28440    63.88367
  5.000    63.62701    63.53248    63.73511    63.66322    63.22509
  6.000    62.91691    62.81216    63.03374    62.95443    62.48671
  7.000    62.17505    62.06066    62.29919    62.21316    61.72193
  8.000    61.42700    61.30338    61.55728    61.46508    60.95531
  9.000    60.68537    60.55280    60.82077    60.72287    60.19868
 10.000    59.95644    59.81513    60.09611    59.99289    59.45780
 11.000    59.24331    59.09338    59.38646    59.27826    58.73528
 12.000    58.54729    58.38883    58.69324    58.58034    58.03211
 13.000    57.86877    57.70181    58.01687    57.89955    57.34835
 14.000    57.20757    57.03212    57.35725    57.23574    56.68359
 15.000    56.56325    56.37927    56.71398    56.58848    56.03718
 16.000    55.93519    55.74265    56.08649    55.95719    55.40831
 17.000    55.32272    55.12154    55.47412    55.34120    54.79614
 18.000    54.72513    54.51522    54.87621    54.73982    54.19984
 19.000    54.14172    53.92299    54.29207    54.15238    53.61857
 20.000    53.57181    53.34414    53.72107    53.57819    53.05153
 21.000    53.01474    52.77801    53.16255    53.01663    52.49799
 22.000    52.46990    52.22398    52.61593    52.46707    51.95723
 23.000    51.93670    51.68146    52.08063    51.92895    51.42858
 24.000    51.41460    51.14989    51.55614    51.40173    50.91143
 25.000    50.90307    50.62875    51.04194    50.88491    50.40520
 26.000    50.40164    50.11755    50.53757    50.37800    49.90934
 27.000    49.90985    49.61585    50.04259    49.88057    49.42336
 28.000    49.42728    49.12321    49.55659    49.39220    48.94677
 29.000    48.95354    48.63924    49.07919    48.91251    48.47915
 30.000    48.48825    48.16356    48.61003    48.44112    48.02007
 31.000    48.03107    47.69584    48.14877    47.97770    47.56916
 32.000    47.58168    47.23573    47.69509    47.52193    47.12606
 33.000    47.13975    46.78294    47.24870    47.07350    46.69042
 34.000    46.70501    46.33718    46.80932    46.63214    46.26194
 35.000    46.27719    45.89817    46.37668    46.19758    45.84032
 36.000    45.85602    45.46567    45.95055    45.76956    45.42527
 37.000    45.44127    45.03942    45.53067    45.34786    45.01655
 38.000    45.03272    44.61921    45.11684    44.93224    44.61389
 39.000    44.63013    44.20482    44.70884    44.52251    44.21708
 40.000    44.23332    43.79605    44.30649    44.11845    43.82588
 41.000    43.84208    43.39271    43.90958    43.71988    43.44010
 42.000    43.45624    42.99461    43.51795    43.32663    43.05954
 43.000    43.07562    42.60160    43.13142    42.93851    42.68401
 44.000    42.70006    42.21349    42.74984    42.55538    42.31334
 45.000    42.32939    41.83014    42.37306    42.17707    41.94737
 46.000    41.96347    41.45140    42.00093    41.80345    41.58593
 47.000    41.60216    41.07713    41.63331    41.43437    41.22888
 48.000    41.24532    40.70720    41.27008    41.06970    40.87608
 49.000    40.89283    40.34148    40.91111    40.70931    40.52739
 50.000    40.54454    39.97984    40.55627    40.35309    40.18268
 51.000    40.20036    39.62219    40.20546    40.00091    39.84183
 52.000    39.86017    39.26839    39.85857    39.65268    39.50473
 53.000    39.52385    38.91835    39.51549    39.30828    39.17127
 54.000    39.19131    38.57197    39.17612    38.96761    38.84134
 55.000    38.86244    38.22915    38.84037    38.63058    38.51483
 56.000    38.53716    37.88979    38.50815    38.29709    38.19166
 57.000    38.21536    37.55382    38.17936    37.96705    37.87173
 58.000    37.89695    37.22113    37.85392    37.64039    37.55495
 59.000    37.58187    36.89165    37.53176    37.31701    37.24124
 60.000    37.27002    36.56531    37.21279    36.99684    36.93052
 61.000    36.96132    36.24202    36.89694    36.67980    36.62271
 62.000    36.65570    35.92172    36.58414    36.36583    36.31774
 63.000    36.35309    35.60433    36.27431    36.05484    36.01554
 64.000    36.05342    35.28979    35.96739    35.74677    35.71603
 65.000    35.75662    34.97803    35.66332    35.44156    35.41916
 66.000    35.46262    34.66898    35.36202    35.13915    35.12485
 67.000    35.17136    34.36260    35.06346    34.83946    34.83306
 68.000    34.88279    34.05881    34.76755    34.54245    34.54371
 69.000    34.59683    33.75757    34.47425    34.24806    34.25677
 70.000    34.31345    33.45882    34.18351    33.95623    33.97216
 71.000    34.03257    33.16251    33.89527    33.66691    33.68984
 72.000    33.75415    32.86858    33.60948    33.38005    33.40977
 73.000    33.47813    32.57699    33.32609    33.09559    33.13189
 74.000    33.20448    32.28770    33.04505    32.81350    32.85615
 75.000    32.93312    32.00064    32.76633    32.53372    32.58252
 76.000    32.66403    31.71579    32.48986    32.25621    32.31094
 77.000    32.39716    31.43310    32.21562    31.98093    32.04138
 78.000    32.13246    31.15252    31.94355    31.70783    31.77380
 79.000    31.86989    30.87401    31.67362    31.43687    31.50815
 80.000    31.60940    30.59754    31.40579    31.16802    31.24440
 81.000    31.35096    30.32307    31.14002    30.90122    30.98252
 82.000    31.09453    30.05056    30.87627    30.63646    30.72247
 83.000    30.84007    29.77998    30.61450    30.37369    30.46421
 84.000    30.58754    29.51129    30.35469    30.11287    30.20771
 85.000    30.33691    29.24446    30.09680    29.85397    29.95294
 86.000    30.08814    28.97944    29.84078    29.59695    29.69988
 87.000    29.84120    28.71623    29.58662    29.34179    29.44848
 88.000    29.59606    28.45477    29.33428    29.08846    29.19872
 89.000    29.35268    28.19505    29.08373    28.83691    28.95057
 90.000    29.11103    27.93702    28.83494    28.58713    28.70401
 91.000    28.87108    27.68068    28.58787    28.33908    28.45901
 92.000    28.63280    27.42597    28.34251    28.09274    28.21554
 93.000    28.39617    27.17289    28.09883    27.84807    27.97357
 94.000    28.16115    26.92140    27.85679    27.60505    27.73310
 95.000    27.92772    26.67147    27.61638    27.36365    27.49408
 96.000    27.69585    26.42309    27.37756    27.12386    27.25649
 97.000    27.46551    26.17623    27.14031    26.88563    27.02033
 98.000    27.23668    25.93086    26.90461    26.64896    26.78555
 99.000    27.00933    25.68696    26.67043    26.41380    26.55215
100.000    26.78344    25.44451    26.43776    26.18015    26.32011
101.000    26.55899    25.20348    26.20656    25.94798    26.08939
102.000    26.33595    24.96386    25.97682    25.71727    25.85998
103.000    26.11430    24.72563    25.74851    25.48799    25.63187
104.000    25.89401    24.48876    25.52162    25.26012    25.40504
105.000    25.67508    24.25323    25.29611    25.03365    25.17946
106.000    25.45746    24.01903    25.07199    24.80855    24.95512
107.000    25.24115    23.78613    24.84921    24.58480    24.73201
108.000    25.02612    23.55451    24.62777    24.36239    24.51010
109.000    24.81236    23.32417    24.40764    24.14130    24.28938
110.000    24.59984    23.09507    24.18882    23.92150    24.06984
111.000    24.38855    22.86721    23.97127    23.70298    23.85146
112.000    24.17846    22.64057    23.75498    23.48572    23.63422
113.000    23.96956    22.41512    23.53994    23.26971    23.41811
114.000    23.76183    22.19086    23.32612    23.05492    23.20311
115.000    23.55526    21.96776    23.11352    22.84135    22.98922
116.000    23.34982    21.74582    22.90211    22.62897    22.77641
117.000    23.14550    21.52501    22.69188    22.41777    22.56467
118.000    22.94229    21.30532    22.48281    22.20773    22.35400
119.000    22.74016    21.08674    22.27489    21.99885    22.14438
120.000    22.53911    20.86925    22.06811    21.79109    21.93579
121.000    22.33911    20.65285    21.86245    21.58446    21.72822
122.000    22.14016    20.43750    21.65789    21.37893    21.52167
123.000    21.94223    20.22321    21.45442    21.17449    21.31611
124.000    21.74531    20.00995    21.25203    20.97113    21.11155
125.000    21.54939    19.79772    21.05071    20.76883    20.90796
126.000    21.35445    19.58651    20.85044    20.56759    20.70533
127.000    21.16049    19.37629    20.65120    20.36738    20.50367
128.000    20.96748    19.16706    20.45299    20.16820    20.30294
129.000    20.77542    18.95881    20.25579    19.97003    20.10315
130.000    20.58429    18.75152    20.05960    19.77286    19.90429
131.000    20.39407    18.54519    19.86439    19.57668    19.70634
132.000    20.20476    18.33979    19.67016    19.38148    19.50929
133.000    20.01635    18.13533    19.47690    19.18725    19.31314
134.000    19.82882    17.93179    19.28459    18.99396    19.11788
135.000    19.64216    17.72915    19.09322    18.80163    18.92349
136.000    19.45635    17.52742    18.90279    18.61022    18.72997
137.000    19.27140    17.32657    18.71328    18.41974    18.53731
138.000    19.08728    17.12660    18.52468    18.23016    18.34550
139.000    18.90398    16.92750    18.33698    18.04149    18.15453
140.000    18.72150    16.72926    18.15017    17.85371    17.96439
141.000    18.53982    16.53187    17.96425    17.66681    17.77508
142.000    18.35894    16.33532    17.77919    17.48079    17.58659
143.000    18.17884    16.13959    17.59500    17.29562    17.39891
144.000    17.99951    15.94469    17.41165    17.11131    17.21202
145.000    17.82095    15.75061    17.22916    16.92784    17.02593
146.000    17.64314    15.55732    17.04749    16.74520    16.84063
147.000    17.46607    15.36483    16.86665    16.56339    16.65611
148.000    17.28974    15.17313    16.68662    16.38239    16.47236
149.000    17.11413    14.98221    16.50740    16.20221    16.28937
150.000    16.93924    14.79206    16.32899    16.02282    16.10714
151.000    16.76506    14.60267    16.15136    15.84422    15.92566
152.000    16.59158    14.41404    15.97451    15.66640    15.74493
153.000    16.41878    14.22615    15.79843    15.48936    15.56493
154.000    16.24667    14.03900    15.62313    15.31309    15.38566
155.000    16.07523    13.85259    15.44858    15.13757    15.20712
156.000    15.90446    13.66690    15.27478    14.96281    15.02930
157.000    15.73434    13.48192    15.10172    14.78879    14.85219
158.000    15.56487    13.29766    14.92940    14.61550    14.67578
159.000    15.39605    13.11409    14.75780    14.44295    14.50007
160.000    15.22785    12.93123    14.58693    14.27111    14.32506
161.000    15.06028    12.74905    14.41677    14.09999    14.15074
162.000    14.89333    12.56756    14.24731    13.92958    13.97709
163.000    14.72699    12.38674    14.07856    13.75987    13.80413
164.000    14.56125    12.20659    13.91049    13.59085    13.63183
165.000    14.39611    12.02711    13.74312    13.42252    13.46020
166.000    14.23156    11.84828    13.57642    13.25487    13.28923
167.000    14.06759    11.67010    13.41039    13.08789    13.11891
168.000    13.90419    11.49257    13.24503    12.92158    12.94924
169.000    13.74137    11.31567    13.08033    12.75593    12.78022
170.000    13.57910    11.13941    12.91629    12.59094    12.61184
171.000    13.41739    10.96378    12.75289    12.42660    12.44409
172.000    13.25623    10.78876    12.59013    12.26290    12.27697
173.000    13.09561    10.61436    12.42801    12.09983    12.11047
174.000    12.93553    10.44057    12.26651    11.93740    11.94459
175.000    12.77598    10.26738    12.10564    11.77560    11.77932
176.000    12.61695    10.09480    11.94539    11.61441    11.61467
177.000    12.45843     9.92280    11.78575    11.45384    11.45062
178.000    12.30043     9.75140    11.62672    11.29388    11.28717
179.000    12.14294     9.58057    11.46828    11.13452    11.12432
180.000    11.98594     9.41033    11.31045    10.97576    10.96205
181.000    11.82944     9.24065    11.15320    10.81759    10.80038
182.000    11.67343     9.07155    10.99654    10.66001    10.63928
183.000    11.51790     8.90301    10.84046    10.50301    10.47877
184.000    11.36285     8.73502    10.68495    10.34659    10.31883
185.000    11.20827     8.56759    10.53002    10.19074    10.15946
186.000    11.05415     8.40071    10.37565    10.03546    10.00065
187.000    10.90050     8.23437    10.22183     9.88074     9.84241
188.000    10.74731     8.06857    10.06858     9.72658     9.68472
189.000    10.59456     7.90330     9.91587     9.57298     9.52759
190.000    10.44226     7.73857     9.76371     9.41992     9.37100
191.000    10.29040     7.57436     9.61209     9.26741     9.21497
192.000    10.13898     7.41067     9.46101     9.11543     9.05947
193.000     9.98799     7.24750     9.31045     8.96399     8.90451
194.000     9.83742     7.08484     9.16043     8.81308     8.75009
195.000     9.68728     6.92269     9.01093     8.66270     8.59620
196.000     9.53755     6.76105     8.86195     8.51284     8.44283
197.000     9.38823     6.59990     8.71348     8.36350     8.28999
198.000     9.23932     6.43926     8.56552     8.21467     8.13767
199.000     9.09082     6.27910     8.41806     8.06636     7.98586
200.000     8.94271     6.11943     8.27111     7.91854     7.83457
201.000     8.79499     5.96025     8.12466     7.77123     7.68379
202.000     8.64767     5.80155     7.97870     7.62442     7.53351
203.000     8.50073     5.64333     7.83323     7.47810     7.38373
204.000     8.35417     5.48558     7.68824     7.33227     7.23446
205.000     8.20799     5.32829     7.54374     7.18692     7.08568
206.000     8.06218     5.17148     7.39971     7.04206     6.93739
207.000     7.91674     5.01513     7.25616     6.89767     6.78959
208.000     7.77166     4.85924     7.11308     6.75376     6.64228
209.000     7.62694     4.70380     6.97047     6.61033     6.49545
210.000     7.48258     4.54881     6.82831     6.46736     6.34911
211.000     7.33857     4.39428     6.68662     6.32485     6.20323
212.000     7.19490     4.24018     6.54539     6.18280     6.05784
213.000     7.05158     4.08653     6.40460     6.04121     5.91291
214.000     6.90861     3.93332     6.26427     5.90008     5.76845
215.000     6.76596     3.78055     6.12438     5.75939     5.62446
216.000     6.62366     3.62820     5.98493     5.61916     5.48092
217.000     6.48168     3.47629     5.84592     5.47936     5.33785
218.000     6.34002     3.32480     5.70734     5.34001     5.19523
219.000     6.19869     3.17373     5.56920     5.20109     5.05307
220.000     6.05768     3.02309     5.43149     5.06261     4.91136
221.000     5.91698     2.87286     5.29420     4.92456     4.77009
222.000     5.77659     2.72304     5.15734     4.78693     4.62927
223.000     5.63651     2.57364     5.02089     4.64973     4.48890
224.000     5.49673     2.42464     4.88486     4.51295     4.34896
225.000     5.35725     2.27605     4.74924     4.37660     4.20946
226.000     5.21807     2.12786     4.61404     4.24065     4.07039
227.000     5.07919     1.98006     4.47924     4.10512     3.93175
228.000     4.94059     1.83267     4.34484     3.97000     3.79355
229.000     4.80229     1.68567     4.21085     3.83529     3.65577
230.000     4.66426     1.53906     4.07725     3.70098     3.51841
231.000     4.52652     1.39283     3.94405     3.56707     3.38148
232.000     4.38906     1.24699     3.81124     3.43356     3.24496
233.000     4.25187     1.10154     3.67882     3.30045     3.10887
234.000     4.11495     0.95647     3.54679     3.16773     2.97318
235.000     3.97830     0.81177     3.41515     3.03540     2.83791
236.000     3.84191     0.66745     3.28388     2.90346     2.70304
237.000     3.70579     0.52350     3.15300     2.77191     2.56859
238.000     3.56993     0.37992     3.02249     2.64074     2.43453
239.000     3.43432     0.23671     2.89235     2.50994     2.30088
240.000     3.29896     0.09386     2.76259     2.37953     2.16763
241.000     3.16386    -0.04862     2.63319     2.24949     2.03478
242.000     3.02900    -0.19075     2.50416     2.11982     1.90232
243.000     2.89439    -0.33251     2.37549     1.99053     1.77026
244.000     2.76002    -0.47392     2.24719     1.86160     1.63859
245.000     2.62589    -0.61498     2.11924     1.73304     1.50730
246.000     2.49199    -0.75569     1.99165     1.60484     1.37640
247.000     2.35833    -0.89605     1.86441     1.47700     1.24589
248.000     2.22490    -1.03606     1.73753     1.34952     1.11576
249.000     2.09170    -1.17572     1.61099     1.22240     0.98601
250.000     1.95872    -1.31505     1.48480     1.09563     0.85663
251.000     1.82596    -1.45403     1.35895     0.96921     0.72764
252.000     1.69342    -1.59268     1.23345     0.84314     0.59901
253.000     1.56110    -1.73100     1.10829     0.71742     0.47076
254.000     1.42900    -1.86897     0.98346     0.59204     0.34288
255.000     1.29710    -2.00662     0.85897     0.46701     0.21536
256.000     1.16542    -2.14394     0.73481     0.34232     0.08821
257.000     1.03394    -2.28093     0.61099     0.21796    -0.03858
258.000     0.90267    -2.41760     0.48749     0.09395    -0.16500
259.000     0.77160    -2.55394     0.36432    -0.02974    -0.29106
260.000     0.64072    -2.68996     0.24147    -0.15309    -0.41677
261.000     0.51005    -2.82567     0.11895    -0.27610    -0.54212
262.000     0.37957    -2.96105    -0.00326    -0.39879    -0.66712
263.000     0.24928    -3.09613    -0.12514    -0.52116    -0.79176
264.000     0.11918    -3.23088    -0.24671    -0.64320    -0.91606
265.000    -0.01074    -3.36533    -0.36796    -0.76491    -1.04000
266.000    -0.14047    -3.49947    -0.48890    -0.88631    -1.16360
267.000    -0.27001    -3.63330    -0.60953    -1.00739    -1.28686
268.000    -0.39938    -3.76682    -0.72985    -1.12815    -1.40977
269.000    -0.52857    -3.90004    -0.84987    -1.24859    -1.53234
270.000    -0.65758    -4.03296    -0.96958    -1.36872    -1.65457
271.000    -0.78642    -4.16558    -1.08899    -1.48854    -1.77647
272.000    -0.91509    -4.29789    -1.20809    -1.60805    -1.89802
273.000    -1.04360    -4.42992    -1.32690    -1.72726    -2.01925
274.000    -1.17193    -4.56164    -1.44541    -1.84615    -2.14014
275.000    -1.30010    -4.69308    -1.56362    -1.96474    -2.26070
276.000    -1.42811    -4.82422    -1.68154    -2.08303    -2.38093
277.000    -1.55596    -4.95507    -1.79917    -2.20102    -2.50084
278.000    -1.68365    -5.08563    -1.91651    -2.31871    -2.62042
279.000    -1.81119    -5.21591    -2.03356    -2.43611    -2.73967
280.000    -1.93857    -5.34590    -2.15032    -2.55320    -2.85861
281.000    -2.06581    -5.47561    -2.26680    -2.67000    -2.97722
282.000    -2.19289    -5.60504    -2.38299    -2.78651    -3.09551
283.000    -2.31983    -5.73419    -2.49891    -2.90273    -3.21349
284.000    -2.44662    -5.86306    -2.61454    -3.01866    -3.33115
285.000    -2.57327    -5.99165    -2.72989    -3.13431    -3.44849
286.000    -2.69978    -6.11996    -2.84497    -3.24966    -3.56553
287.000    -2.82615    -6.24801    -2.95977    -3.36473    -3.68225
288.000    -2.95239    -6.37578    -3.07430    -3.47952    -3.79866
289.000    -3.07849    -6.50328    -3.18856    -3.59403    -3.91476
290.000    -3.20446    -6.63051    -3.30255    -3.70826    -4.03056
291.000    -3.33030    -6.75747    -3.41626    -3.82221    -4.14605
292.000    -3.45600    -6.88416    -3.52971    -3.93588    -4.26124
293.000    -3.58159    -7.01060    -3.64290    -4.04928    -4.37613
294.000    -3.70705    -7.13676    -3.75582    -4.16240    -4.49071
295.000    -3.83238    -7.26267    -3.86848    -4.27525    -4.60500
296.000    -3.95760    -7.38831    -3.98088    -4.38783    -4.71899
297.000    -4.08269    -7.51370    -4.09301    -4.50014    -4.83268
298.000    -4.20767    -7.63883    -4.20489    -4.61218    -4.94608
299.000    -4.33254    -7.76370    -4.31652    -4.72396    -5.05919
300.000    -4.45729    -7.88832    -4.42788    -4.83547    -5.17200
301.000    -4.58193    -8.01268    -4.53900    -4.94671    -5.28452
302.000    -4.70646    -8.13679    -4.64986    -5.05770    -5.39675
303.000    -4.83089    -8.26065    -4.76047    -5.16842    -5.50870
304.000    -4.95521    -8.38426    -4.87083    -5.27888    -5.62036
305.000    -5.07942    -8.50763    -4.98094    -5.38909    -5.73173
306.000    -5.20354    -8.63074    -5.09080    -5.49903    -5.84282
307.000    -5.32755    -8.75361    -5.20042    -5.60872    -5.95363
308.000    -5.45146    -8.87624    -5.30980    -5.71816    -6.06415
309.000    -5.57528    -8.99862    -5.41893    -5.82734    -6.17440
310.000    -5.69901    -9.12076    -5.52782    -5.93627    -6.28437
311.000    -5.82264    -9.24266    -5.63647    -6.04495    -6.39406
312.000    -5.94618    -9.36432    -5.74488    -6.15338    -6.50348
313.000    -6.06963    -9.48575    -5.85305    -6.26156    -6.61262
314.000    -6.19299    -9.60693    -5.96099    -6.36950    -6.72148
315.000    -6.31627    -9.72788    -6.06869    -6.47719    -6.83008
316.000    -6.43946    -9.84860    -6.17616    -6.58463    -6.93840
317.000    -6.56257    -9.96908    -6.28340    -6.69183    -7.04646
318.000    -6.68560   -10.08933    -6.39040    -6.79879    -7.15425
319.000    -6.80855   -10.20935    -6.49717    -6.90551    -7.26177
320.000    -6.93143   -10.32915    -6.60372    -7.01199    -7.36902
321.000    -7.05422   -10.44871    -6.71003    -7.11823    -7.47601
322.000    -7.17695   -10.56804    -6.81612    -7.22423    -7.58273
323.000    -7.29960   -10.68715    -6.92199    -7.32999    -7.68920
324.000    -7.42218   -10.80603    -7.02763    -7.43552    -7.79540
325.000    -7.54469   -10.92469    -7.13305    -7.54082    -7.90134
326.000    -7.66714   -11.04313    -7.23824    -7.64588    -8.00703
327.000    -7.78952   -11.16134    -7.34322    -7.75071    -8.11245
328.000    -7.91183   -11.27933    -7.44797    -7.85531    -8.21762
329.000    -8.03408   -11.39711    -7.55251    -7.95968    -8.32254
330.000    -8.15627   -11.51466    -7.65683    -8.06383    -8.42720
331.000    -8.27841   -11.63200    -7.76093    -8.16774    -8.53161
332.000    -8.40048   -11.74912    -7.86482    -8.27143    -8.63577
333.000    -8.52250   -11.86603    -7.96849    -8.37489    -8.73967
334.000    -8.64446   -11.98272    -8.07195    -8.47813    -8.84333
335.000    -8.76637   -12.09920    -8.17520    -8.58114    -8.94673
336.000    -8.88823   -12.21547    -8.27823    -8.68393    -9.04989
337.000    -9.01004   -12.33152    -8.38106    -8.78650    -9.15281
338.000    -9.13180   -12.44737    -8.48368    -8.88885    -9.25548
339.000    -9.25352   -12.56300    -8.58609    -8.99098    -9.35790
340.000    -9.37519   -12.67843    -8.68829    -9.09290    -9.46008
341.000    -9.49681   -12.79365    -8.79029    -9.19459    -9.56202
342.000    -9.61840   -12.90866    -8.89209    -9.29607    -9.66372
343.000    -9.73994   -13.02347    -8.99368    -9.39733    -9.76518
344.000    -9.86145   -13.13807    -9.09506    -9.49838    -9.86640
345.000    -9.98291   -13.25248    -9.19625    -9.59922    -9.96738
346.000   -10.10434   -13.36667    -9.29723    -9.69984   -10.06813
347.000   -10.22574   -13.48067    -9.39802    -9.80025   -10.16864
348.000   -10.34710   -13.59447    -9.49861    -9.90045   -10.26891
349.000   -10.46843   -13.70806    -9.59899   -10.00044   -10.36895
350.000   -10.58973   -13.82146    -9.69919   -10.10022   -10.46876